Optimization terminated: average change in the spread of Pareto solutions less than options.FunctionTolerance.

ans =

    'Problem Number 1:'


Y =

     2     1     1    26    31    18

Optimization terminated: average change in the spread of Pareto solutions less than options.FunctionTolerance.

ans =

    'Problem Number 2:'


Y =

     1     1     1    30    13    13
     1     1     2    25    15     9
     1     2     1    27    14    10
     1     2     2    22    16    12
     2     1     2    21    17    14
     2     2     1    23    16    11
     2     2     2    18    18    18

Optimization terminated: average change in the spread of Pareto solutions less than options.FunctionTolerance.

ans =

    'Problem Number 3:'


Y =

     1     2     3     1     1     3     2    60    65    26

Optimization terminated: average change in the spread of Pareto solutions less than options.FunctionTolerance.

ans =

    'Problem Number 4:'


Y =

     1     3     1     1     1     1     2    65    18    13
     1     3     1     1     1     1     3    68    17    13
     1     3     1     3     1     1     3    66    18    11
     1     3     2     1     1     1     2    60    20    11
     1     3     2     1     1     2     2    55    22    11
     1     3     3     1     1     1     2    63    19    11
     2     2     2     3     2     2     2    45    28    24
     2     3     2     2     2     2     2    44    29    26
     2     3     2     3     1     2     2    49    25    16
     2     3     2     3     2     2     2    46    27    20
     2     3     3     3     1     2     2    52    24    12
     3     2     2     2     2     2     2    45    29    23
     3     2     2     3     1     2     2    50    25    13
     3     2     2     3     2     2     2    47    27    17
     3     3     1     1     1     2     2    58    21    11
     3     3     2     1     1     2     2    53    23    11
     3     3     2     1     2     2     2    50    25    13
     3     3     2     2     2     2     2    46    28    19
     3     3     2     3     1     2     2    51    24    14
     3     3     2     3     2     2     2    48    26    14

Optimization terminated: average change in the spread of Pareto solutions less than options.FunctionTolerance.

ans =

    'Problem Number 5:'


Y =

     1     2     3     3     3     2     2     1     1     1     1     1   112   100    35
     2     1     3     3     1     2     3     1     2     1     1     2   103   102    37

Optimization terminated: average change in the spread of Pareto solutions less than options.FunctionTolerance.

ans =

    'Problem Number 6:'


Y =

     1     3     1     1     1     1     3     1     2     3     2     1   113    32    17
     1     3     1     1     1     1     3     1     2     3     3     1   116    31    17
     1     3     1     1     1     2     3     1     2     3     3     1   111    33    17
     1     3     1     1     1     2     3     1     2     3     3     3   108    35    15
     1     3     1     3     2     2     2     3     1     3     2     1   104    38    14
     1     3     1     3     2     2     3     3     1     3     2     1   105    37    14
     1     3     2     1     1     1     3     1     2     3     2     1   108    34    16
     1     3     2     1     1     2     3     1     2     3     2     1   103    36    16
     1     3     2     1     1     2     3     1     2     3     3     3   103    37    15
     1     3     2     3     2     2     3     3     1     3     2     1   100    39    14
     2     3     1     1     1     1     3     1     2     3     3     1   112    33    15
     2     3     1     1     1     2     3     1     2     3     3     1   107    35    16
     2     3     2     1     1     2     3     1     2     3     2     3    96    40    23
     2     3     2     3     1     2     3     1     2     3     2     1    97    39    23
     2     3     2     3     1     2     3     1     2     3     2     3    94    41    23
     2     3     2     3     2     2     3     1     2     3     2     2    88    45    33
     2     3     2     3     2     2     3     1     2     3     2     3    91    43    27
     2     3     2     3     2     2     3     2     2     3     2     3    87    46    32
     3     3     1     1     1     2     2     1     2     3     2     1   105    36    15
     3     3     2     1     1     2     3     1     2     3     2     1   101    37    16
     3     3     2     1     2     2     3     1     2     3     2     3    95    41    20
     3     3     2     1     3     2     2     1     2     3     2     3    96    41    18
     3     3     2     1     3     2     3     1     2     3     2     3    97    40    19
     3     3     2     2     2     2     3     2     2     3     2     2    84    49    37
     3     3     2     3     1     2     2     1     2     3     2     1    98    39    18
     3     3     2     3     1     2     3     1     2     3     2     1    99    38    16
     3     3     2     3     1     2     3     2     2     3     2     3    92    43    21
     3     3     2     3     1     2     3     3     2     3     2     2    91    44    22
     3     3     2     3     2     2     2     2     2     3     2     2    85    48    33
     3     3     2     3     2     2     2     2     3     2     2     2    85    51    32
     3     3     2     3     2     2     2     2     3     3     2     2    87    48    27
     3     3     2     3     2     2     2     3     2     3     2     2    87    47    28
     3     3     2     3     2     2     3     1     2     3     2     2    90    44    26
     3     3     2     3     2     2     3     1     2     3     2     3    93    42    20
     3     3     2     3     2     2     3     2     2     2     2     2    84    50    36
     3     3     2     3     2     2     3     2     2     3     2     2    86    47    31
     3     3     2     3     2     2     3     2     3     2     2     2    86    50    30
     3     3     2     3     2     2     3     2     3     3     2     2    88    47    25
     3     3     2     3     2     2     3     3     1     3     2     2    92    44    20
     3     3     2     3     2     2     3     3     2     3     2     2    88    46    26
     3     3     2     3     3     2     2     2     2     3     2     3    90    45    23
     3     3     2     3     3     2     2     3     2     3     2     2    89    46    24

Optimization terminated: average change in the spread of Pareto solutions less than options.FunctionTolerance.

ans =

    'Problem Number 7:'


Y =

  Columns 1 through 17

     3     5     4     3     1     4     2     5     3     1     4     2     1     2     5   130   120
     4     3     2     3     1     3     1     5     3     4     5     2     3     2     4   122   127
     4     3     2     3     1     3     1     5     4     4     5     2     3     2     4   123   126
     4     3     2     3     1     4     1     5     4     4     5     2     3     2     5   124   125
     4     3     5     3     1     2     1     5     4     3     4     2     2     2     5   122   130
     4     4     2     3     1     3     1     5     3     4     5     2     3     2     5   123   127
     4     4     2     3     1     4     1     5     4     4     5     2     3     2     5   125   124
     4     4     5     3     1     2     1     5     4     3     3     2     2     2     5   121   131
     4     4     5     3     1     4     1     5     4     1     3     2     1     2     5   131   117
     4     4     5     3     1     4     1     5     4     1     3     3     1     2     5   134   116
     4     4     5     3     1     4     2     5     2     1     3     2     1     2     5   126   122
     4     4     5     3     1     4     2     5     3     1     3     2     1     2     5   128   121
     4     4     5     3     1     4     2     5     4     1     3     2     1     1     5   133   118
     4     4     5     3     1     4     2     5     4     1     3     2     1     2     5   129   120
     4     4     5     3     1     4     2     5     4     1     3     3     1     1     5   136   117
     4     4     5     3     1     4     2     5     4     1     3     3     1     2     5   132   119
     4     4     5     4     1     4     1     5     4     1     3     2     1     2     5   132   116
     4     4     5     4     1     4     1     5     4     1     3     3     1     2     5   135   115
     4     5     4     3     1     4     1     5     2     1     3     2     1     2     5   129   119
     4     5     5     3     1     4     1     5     3     1     3     2     1     2     4   130   118
     4     5     5     3     1     4     2     5     2     1     3     2     1     2     4   126   122
     5     5     4     3     1     4     2     5     2     1     3     2     1     2     4   127   123

  Column 18

    29
    35
    32
    29
    33
    29
    35
    34
    31
    31
    30
    30
    30
    30
    30
    30
    34
    34
    31
    31
    30
    29

Optimization terminated: average change in the spread of Pareto solutions less than options.FunctionTolerance.

ans =

    'Problem Number 8:'


Y =

  Columns 1 through 17

     3     3     2     3     3     2     2     2     2     3     2     2     3     2     3   103    62
     3     3     2     3     3     2     2     2     2     3     2     2     3     2     4   104    60
     3     3     2     3     3     2     2     2     3     3     2     2     2     2     4   105    60
     3     3     2     3     3     2     2     2     3     3     2     2     3     2     4   106    60
     3     3     2     3     3     2     2     3     2     3     2     2     2     2     4   105    59
     3     3     2     3     3     2     3     2     2     3     2     2     2     2     3   103    61
     3     3     2     3     3     2     3     2     2     3     2     2     2     2     4   104    59
     3     3     2     3     3     2     3     2     2     3     2     2     3     2     3   104    61
     3     3     2     3     3     2     3     2     5     4     2     2     2     2     4   107    57
     3     3     2     3     3     2     3     3     2     3     2     2     2     2     4   106    58
     3     3     2     3     3     2     3     3     5     4     2     2     2     2     4   109    56
     4     3     2     3     3     2     2     3     2     3     2     2     2     3     4   108    58
     4     3     2     3     3     2     3     2     2     3     2     2     2     4     4   109    55
     4     3     2     3     3     2     3     2     2     3     2     3     2     2     4   108    56
     4     3     2     3     3     2     3     2     2     3     2     3     3     4     4   113    53
     4     3     2     3     3     2     3     2     2     4     2     2     2     4     4   110    54
     4     3     2     3     3     2     3     2     2     4     2     3     2     4     4   113    52
     4     3     2     3     3     2     3     2     3     3     2     2     3     2     4   108    58
     4     3     2     3     3     2     3     3     2     3     2     2     3     2     4   108    57
     4     3     2     4     3     2     2     3     2     3     2     3     2     4     4   114    52
     4     3     2     4     3     2     2     3     2     4     2     3     3     4     4   116    51
     4     3     2     4     3     2     3     3     2     3     2     2     3     3     4   111    56
     4     3     2     4     3     2     3     3     2     3     2     3     3     2     4   112    54
     4     3     2     4     3     2     3     3     2     4     2     3     2     2     4   112    53
     4     3     2     4     3     2     3     3     2     4     2     3     2     4     4   116    50
     4     3     2     4     3     2     3     3     5     4     2     3     2     4     4   118    49
     4     3     2     4     4     2     2     3     2     3     2     3     3     4     4   116    51
     4     3     2     4     4     2     3     3     2     4     2     4     2     4     4   119    48
     4     3     2     5     3     2     3     3     2     3     2     2     3     2     3   107    59
     4     3     2     5     3     2     3     3     2     4     2     3     2     4     4   115    51
     4     3     3     3     4     2     3     3     2     4     2     5     2     4     4   120    48
     4     3     4     3     4     2     3     3     2     4     2     5     3     4     4   122    47
     4     3     4     3     4     3     3     3     1     3     3     5     4     4     4   133    43
     4     3     4     3     4     3     3     3     2     1     2     5     4     4     4   128    45
     4     3     4     3     4     3     3     4     1     1     3     5     5     4     4   136    41
     4     3     4     4     4     2     1     5     2     4     2     5     2     4     4   124    45
     4     3     4     4     4     3     3     3     1     4     2     5     3     4     4   130    43
     4     3     4     4     4     3     3     3     1     4     2     5     4     4     4   132    42
     4     3     4     4     4     3     3     5     2     3     2     5     4     4     4   128    44
     4     3     4     4     4     5     3     4     1     1     3     5     5     4     4   137    40
     4     3     5     3     4     5     3     4     1     1     3     5     5     4     4   135    42
     5     1     2     1     4     2     1     3     1     4     2     5     3     4     4   127    47
     5     2     3     1     4     2     2     3     1     4     2     4     3     4     4   126    48
     5     3     4     1     4     3     3     3     1     1     3     5     4     4     4   137    42
     5     3     4     2     4     3     3     3     1     4     2     5     4     4     4   129    46
     5     3     4     3     4     3     3     3     1     4     2     5     4     4     4   131    44
     5     3     4     4     4     3     3     3     1     3     3     5     4     4     4   134    43
     5     3     4     4     4     3     3     3     1     4     2     5     3     4     4   130    44
     5     3     4     4     4     3     3     3     2     4     2     5     3     4     4   126    46
     5     3     4     4     4     5     3     4     1     1     3     5     5     4     4   137    41

  Column 18

    35
    35
    32
    29
    33
    36
    36
    33
    30
    31
    25
    27
    30
    34
    21
    30
    24
    27
    28
    21
    18
    22
    21
    24
    19
    16
    18
    21
    28
    19
    16
    17
    19
    18
    19
    20
    20
    27
    21
    26
    17
    13
    13
    13
    14
    14
    16
    15
    15
    17

Optimization terminated: average change in the spread of Pareto solutions less than options.FunctionTolerance.

ans =

    'Problem Number 9:'


Y =

  Columns 1 through 17

     2     2     1     4     4     1     3     1     3     5     5     5     3     2     1     5     4
     2     3     1     3     4     1     3     1     4     4     5     5     4     2     1     5     4
     2     3     1     3     4     1     3     1     4     5     5     4     4     2     1     5     4
     2     3     1     3     4     1     3     1     4     5     5     5     4     2     1     5     4
     2     3     1     3     4     1     3     1     5     5     5     4     4     2     1     5     4
     2     3     1     4     4     1     3     1     3     5     5     5     3     2     1     5     4
     2     3     1     4     4     1     3     1     3     5     5     5     3     2     1     5     4
     2     3     1     4     4     1     3     1     4     5     5     5     3     2     1     5     4
     2     3     1     4     4     1     3     1     4     5     5     5     3     2     1     5     4
     2     4     1     3     3     1     3     1     2     5     5     5     4     2     1     5     4
     2     4     1     3     3     1     3     1     4     4     5     5     4     2     1     5     4
     2     4     1     3     3     1     3     1     5     4     5     5     4     2     1     5     4
     2     4     1     3     4     1     3     1     3     5     5     5     4     2     1     5     4

  Columns 18 through 23

     1     3     2   173   148    34
     1     3     2   177   143    34
     1     3     2   177   144    32
     1     3     2   176   145    32
     2     3     2   173   151    33
     1     3     2   174   147    33
     2     3     2   171   153    35
     1     3     2   175   146    32
     2     3     2   172   152    34
     1     4     2   175   145    33
     1     4     2   179   141    33
     1     4     2   178   142    32
     1     3     2   176   145    32

Optimization terminated: average change in the spread of Pareto solutions less than options.FunctionTolerance.

ans =

    'Problem Number 10:'


Y =

  Columns 1 through 17

     1     3     2     3     4     2     4     5     5     3     2     5     4     4     4     2     4
     3     3     2     3     3     2     3     2     2     3     2     2     3     3     4     2     5
     3     3     2     3     3     2     3     2     2     3     2     2     3     4     4     2     5
     3     3     2     3     3     2     3     3     2     5     2     2     3     4     4     2     5
     3     3     2     3     3     2     3     5     5     5     2     2     3     4     4     2     5
     3     3     2     3     4     2     3     2     2     3     2     2     3     4     4     2     5
     3     3     2     3     4     2     3     3     5     4     2     2     2     4     4     2     4
     3     3     2     3     4     2     3     3     5     5     2     2     2     4     4     2     5
     3     3     2     3     4     2     3     4     5     4     2     1     2     4     4     3     4
     3     3     2     3     4     2     3     5     5     4     2     2     3     4     4     3     5
     3     3     2     3     4     2     3     5     5     5     2     2     3     4     4     2     5
     3     3     2     3     4     2     4     5     5     4     2     1     2     4     4     3     5
     3     3     2     4     3     2     3     2     2     3     2     2     3     4     4     2     5
     3     3     2     4     3     2     3     3     2     3     2     2     2     3     4     2     5
     3     3     2     4     3     2     3     3     2     3     2     2     3     4     4     2     5
     3     3     2     4     4     2     3     3     5     4     2     2     2     4     4     2     4
     3     3     2     4     4     2     3     5     5     4     2     3     2     4     4     3     5
     3     3     2     4     4     2     4     5     5     4     2     3     2     4     4     3     5
     3     3     2     5     3     2     3     3     2     3     2     2     2     3     4     2     5
     3     4     1     1     4     2     5     1     1     4     3     1     3     4     4     3     4
     3     4     1     1     4     3     3     1     1     4     3     1     2     4     4     4     5
     3     4     1     1     4     3     4     1     1     4     3     1     3     4     4     4     4
     3     4     2     1     4     3     4     1     1     4     3     1     2     4     4     4     5
     3     4     2     1     4     3     4     1     2     4     3     1     2     4     4     4     5
     3     4     2     4     4     2     4     5     5     4     2     1     2     4     4     3     5
     4     3     2     3     3     2     3     3     2     3     2     2     3     3     4     2     5
     4     3     2     3     3     2     3     5     5     4     2     2     3     4     4     2     5
     4     3     2     3     4     2     3     3     2     4     2     2     2     4     4     2     5
     4     3     2     3     4     2     3     3     5     5     2     2     2     4     4     2     4
     4     3     2     3     4     2     3     5     5     4     2     2     3     4     4     3     4
     4     3     2     3     4     3     5     3     5     4     2     1     1     4     5     2     4
     4     3     2     3     4     4     5     5     5     5     3     1     1     4     4     3     4
     4     3     2     3     5     3     5     3     5     4     2     1     1     4     4     3     4
     4     3     2     3     5     3     5     3     5     4     2     1     2     4     4     3     4
     4     3     2     4     3     2     3     3     2     3     2     2     2     3     4     3     5
     4     3     2     4     4     2     3     3     5     4     2     2     2     4     4     2     4
     4     3     2     4     4     2     5     3     5     4     2     2     2     4     4     3     4
     4     3     2     4     4     2     5     3     5     4     2     2     2     5     4     3     4
     4     3     2     4     4     2     5     3     5     5     2     2     2     5     4     3     4
     4     3     2     4     4     2     5     5     4     4     3     1     1     4     4     3     4
     4     3     2     4     4     2     5     5     5     4     2     2     3     4     4     3     5
     4     3     2     4     4     2     5     5     5     4     3     1     2     4     4     3     4
     4     3     2     4     4     2     5     5     5     4     3     1     2     4     4     3     4
     4     3     2     4     4     2     5     5     5     4     3     2     2     4     4     3     4
     4     3     2     4     4     3     5     3     5     4     2     1     1     4     4     3     4
     4     3     2     4     4     3     5     5     4     4     3     1     1     4     4     3     4
     4     4     1     1     4     2     3     1     1     3     3     1     3     4     4     4     4
     4     4     1     1     4     2     3     1     1     4     3     1     2     4     3     5     5
     4     4     1     1     4     3     3     1     1     4     3     1     2     4     4     4     4
     4     4     1     1     4     3     3     1     1     4     3     1     2     4     4     4     5
     4     4     1     1     4     3     3     1     1     4     3     1     4     4     4     4     4
     4     4     1     1     4     3     3     1     2     4     3     1     2     4     4     4     5
     4     4     2     1     4     2     3     1     1     3     3     1     2     4     4     5     5
     4     4     2     1     4     3     3     1     1     4     3     1     2     4     4     4     4
     4     4     2     1     5     3     5     1     2     4     3     1     1     4     4     3     5
     4     4     2     3     5     2     5     5     5     4     2     1     1     4     4     2     4
     4     4     2     4     5     2     5     5     5     4     2     1     2     4     4     3     5
     4     5     1     1     3     2     3     1     1     3     3     1     2     4     4     4     5
     4     5     1     1     4     3     3     1     1     4     3     1     4     4     4     4     4
     4     5     2     1     4     2     3     1     1     3     3     1     2     4     3     5     5
     4     5     2     1     4     3     3     1     1     3     3     1     2     4     4     5     5

  Columns 18 through 23

     3     3     2   163    61    16
     3     2     2   142    75    37
     3     2     2   144    72    36
     5     2     2   146    70    31
     5     2     2   149    68    25
     3     2     2   145    71    36
     5     2     2   150    66    28
     5     2     2   148    68    28
     5     2     2   160    60    19
     5     2     2   153    65    22
     5     2     2   150    67    25
     5     2     2   159    61    18
     3     2     2   145    71    36
     3     2     2   144    73    34
     5     2     2   147    69    31
     5     2     2   151    65    28
     5     2     2   156    62    19
     5     2     2   157    62    18
     3     2     2   143    74    34
     4     3     3   181    52    19
     5     3     3   183    51    16
     5     3     3   186    50    20
     5     3     3   179    53    17
     5     3     3   175    55    17
     5     2     2   161    60    18
     5     2     2   145    72    32
     5     2     2   151    66    25
     5     2     2   148    67    34
     5     2     2   150    66    28
     5     2     2   155    63    21
     5     2     2   164    59    16
     5     2     2   170    56    19
     5     2     2   166    57    17
     5     2     2   162    59    17
     3     2     2   147    71    30
     5     2     2   152    64    28
     5     2     2   154    63    24
     5     2     2   153    64    24
     5     2     2   152    65    24
     5     2     2   169    55    27
     5     2     2   155    63    21
     5     2     2   164    57    22
     5     2     3   167    56    22
     5     2     2   158    61    22
     5     2     2   167    56    22
     5     2     2   172    54    27
     5     3     3   182    51    27
     5     3     3   179    54    15
     5     3     3   185    49    29
     5     3     3   184    50    21
     4     3     4   191    48    33
     5     3     3   180    52    21
     5     3     3   174    55    18
     5     3     3   180    51    29
     4     3     3   178    53    19
     5     2     2   163    58    20
     5     2     2   161    59    20
     5     3     3   179    54    15
     5     3     4   190    49    28
     5     3     3   173    58    15
     5     3     3   177    55    15

>> 